2000
1239023 1200 1051 nqtbjwxgky
310326 1784 1944 fawqenfykf
1019236 1242 1818 eavaptylbr
822046 1879 871 jiubjvyjma
345196 1583 1669 kaawiqqwhc
347669 2538 669 hbmtuivepa
390311 1729 1244 mwbyuwdmbc
917906 1318 159 kkgztasarx
1115247 2739 808 tjazvlmzqn
68434 237 429 pwagqivhgl
440947 2539 977 eaoguwnhxy
173561 1399 377 kdsxjduytr
300005 1909 471 ffngpczaiq
219932 2721 129 whpooecuzc
115426 1658 720 xpixwgrgfq
96200 1624 410 vciwaoobxw
878584 2250 1629 jffuprzgcz
955811 341 413 pudgfgzlhb
317966 2883 1340 eeyxpbiylm
178568 1212 1278 kxyhsotrxa
61237 793 1297 suufmkezgb
469649 2124 705 szmzyyjvgu
243418 1292 443 arpqvnstiy
213703 2963 809 qvehvijfbc
59191 1801 866 majwjqfjje
1976256 1728 1764 ivjhljopyb
38144 883 1711 dgygnvfnze
631263 1682 319 dhbynhhtwr
767958 57 690 hsldlkkbsz
1707293 691 744 xxoxdzpxhv
54041 2879 994 zcsuiliscv
2296923 626 299 ehryiswlhh
176871 1570 1938 icuzwttwwm
922732 471 1761 aiiimlhcff
725414 2203 160 ppcxiirdrm
312458 515 117 sitrfzsoja
220722 2192 691 xgafhfwchd
528255 782 968 rkzonumzfi
197909 2621 1708 tzmrohyryr
394991 1567 719 olvjcqyqle
1264524 655 1313 mazlzqblrj
673062 2723 1140 gafjgxwhwy
699915 1051 1131 oxfxhjndqe
1594465 2090 1343 alwmlkthum
60375 2533 69 pjlychsiux
296202 195 767 hobsctkjcc
612342 2541 42 vcpgbttamt
327655 1110 1236 syiqnqjwpm
275409 1613 1999 gmkqzltkai
722378 116 648 frhbvrgbok
431665 1417 1056 bntktzsiei
222319 542 1387 hnwfevsdjr
173586 189 63 kzaskmngeh
536872 930 1004 pitbyyeicd
214976 2093 1430 hsovizemih
1244841 2406 1261 erckffsvrt
695407 769 1525 oamjryxsnr
1336054 2900 88 jmsboawkcf
309367 59 463 fayvsoqtvo
119476 2588 1540 ihsskszzkk
388485 709 615 cjquwqygyd
132032 710 1310 zmgmycojpg
336961 2525 1650 lqfpogpzov
1325853 638 1879 flmrwkqnnp
232400 258 431 hqfuumsnap
272243 1839 1868 aguhdtnoii
2173528 241 593 yqprwpdtyp
337062 115 662 xuexlusjpb
161568 1518 1110 kscacwxwar
524969 250 1884 ytqfkjfvnv
208667 2987 1680 kilcwpwund
174361 975 1771 elbacdpeof
1515502 2831 1253 dajvebwehd
749645 2854 1052 tvihnrljtp
347068 2221 506 dudspcojls
237188 503 1360 nrmrpoceos
147595 2080 1607 fuvbvsdxuo
164641 2276 1790 djkcgmolis
404932 403 1065 hpkdejtjtn
167268 1283 1637 oceocgoflg
16511 1402 9 txyxjjrwem
1267375 2414 1906 mqohsmledp
245620 485 694 jhvzemeuea
838919 716 657 uartfgjook
197568 2831 580 jnyrpzaqcb
332936 2289 1760 rcowvmkjvn
371012 2072 1775 jdeuilqhsu
2075135 2578 1119 unflqhpykv
1138361 2347 187 jcmazqqtqf
1003592 2686 950 etdyjrpsfu
165842 2740 1194 kvcuicttze
227822 1123 1172 yhgftcfpyo
24516 1852 1152 ybefhdxdav
326375 1091 1489 mrbdgxwmlr
1016950 38 563 anqbrkavvj
143704 2229 228 oimzjrarza
210069 1556 1229 bknmkvtrlq
93934 422 504 mkrrkydsmf
764304 1645 196 akaawnqoad
82883 2085 787 tqbbrdrele
332145 1291 1831 mhozqssdts
10187 47 1434 npbsosnyrx
385292 201 1836 qitgdrgxke
751569 2921 1263 tlvklyswwl
343414 232 1520 dnvtfiiiki
76850 604 738 fmhapvinnr
16297 1304 1157 nmvdnboxli
9983 1285 826 bmaiihcmth
1858279 2543 1749 xlyhidbaji
162056 106 1115 zlnngoutzx
126858 1176 1006 yllltbuguy
5913 1357 1242 cwazfevzhh
409165 439 1871 ekyzcxsapr
549578 842 222 gkxkmsboez
511787 2499 413 uhsowilwbw
83159 809 729 gkzqfawaai
91837 2168 396 wmzccppfnl
345961 1571 1913 wgqwvohenb
662359 910 357 pvlgnwcgmv
414085 1712 818 mlpdhnvtzk
1271909 1404 1510 mbmrhsgzwm
986230 511 973 mvlwzrslub
377062 678 1287 vgortboivf
414058 2976 1221 rhdsqfmvwq
246838 571 1855 cbljrdurbh
540015 1616 368 tznilxrrsf
341501 1039 1405 jczwacddhs
113468 2844 1708 stsuwaupaa
370486 2568 562 zqozwxdbmw
639023 1650 3 jbqiemlegc
277164 2697 704 bbakoryegs
739527 920 1990 wuysxprnzv
403725 2426 1542 ednafidzpw
248021 1553 1979 sotwspkqly
288421 5 1761 csnkxdwhrq
1291557 1247 614 yykpijbiqm
101482 1380 1041 lpajboafez
651449 1601 1371 kwwskwdyjl
1439851 2301 298 cxnfxjezlv
1154845 2921 1860 ryiphnhqmn
337491 2851 1441 jzqoamrgfl
1221261 2855 1502 adgvuacjar
27797 1917 488 ofyqiqxmcj
669382 757 1650 bxslyfebxg
189540 855 334 hxentpsjve
270924 1408 730 ahttyanbvn
1385557 1362 28 wtopgyzwba
2238138 486 1464 fimvzftjpp
394961 1328 1839 odhkrwxwpz
1648902 920 1747 zbwvhyjzca
724257 2161 1966 fpgvtafcjn
1774966 2009 1262 cvmyzcfkdl
1585031 2866 1188 utuycgeufs
1607530 2953 376 rummzmyotk
2031469 1873 287 rjyngatzyl
237113 179 417 uhysdgcyna
812190 1386 1562 pnkwgmeaui
1412789 591 883 tsmxqcrtbk
572168 766 254 pgozyeovdb
750716 1642 1654 xptfcbiolj
115219 2201 194 rhwtvcpbxk
205640 858 795 iialwejomv
307405 1676 513 pmmsmdrzxj
772103 2205 995 rnhvwvlhhh
406398 2019 715 rrttemgygb
356636 2428 228 aqsbebvahw
973185 1513 1948 qnfipgeclp
638573 1258 713 aowiuzqhyn
1338735 2355 776 hevvinpplk
381748 2123 717 vxftuyducq
83888 2956 300 nbkehbryzf
743707 737 300 swfuewflsj
537291 1863 1914 wyoqdrnclp
572658 1719 557 aybqxfvugp
223167 2799 1543 thxzkkkjjn
257362 2124 430 islofnohyw
958230 2087 678 zbyvwomqsw
1625254 1521 1658 cynqbftpoe
409334 476 1013 raeqwcayqm
318632 0 942 vqxpdesety
191201 1124 24 czuxjefrvq
25760 256 894 fjyqxmyygl
151938 1250 1299 vyojlfhkom
49063 630 1825 jtvwmrenyi
855739 716 1947 esutwkqvih
144315 2741 974 zcubjwmzvw
507614 565 1894 uqjcmpviuf
807896 1101 210 kucyskobqo
280552 1248 396 yfxehkmwcz
17283 852 1812 ensbckxxyp
1701842 2080 1596 yguahzfnfl
1731461 2496 372 cjghrcifqm
208200 1172 1422 sguahfihkb
1336157 1283 1407 vxoptogoeo
61143 1853 676 xipkbngqth
1091818 1612 1742 tajlabikic
1505003 2346 1604 yjwsohmojt
132356 2604 1235 goyjdcjdri
92972 208 1797 wyxtdylnpz
1257555 1725 1921 rdwwsblpqw
300855 1793 1719 tziyalcioa
544955 1100 1138 zdnmujvikq
1467650 761 695 nsutngjipl
19247 1896 1706 vicnbdccew
151029 1374 679 yhljeovgfv
227381 2919 734 rqtkhbnwki
605908 1117 1614 ocegrjxuej
1252806 2314 1123 iaiyyznhfg
742492 881 718 zhngltxmwn
1369453 1994 328 upmcenvybg
75473 737 501 mqjmzbvubb
1179670 193 1468 vqmhaaimma
412354 52 845 snlchnukns
31967 278 328 caycpmwyrj
750172 468 962 fyijjhpdju
210773 1704 354 hjxjmrkjwd
1283182 1995 1549 jfjsuevjcu
3143 2755 176 rvlhvmqoql
64501 1244 1967 lznlkelnkj
376874 451 768 pfnfddkegw
216824 1542 1760 nkycsqmutr
17607 757 1780 qnphhfgqyd
80393 459 326 lsrpfkmrpm
122619 1992 1137 hktgihimpz
211105 2006 1078 jzllaygtlh
307933 2060 460 oedmckjqwx
465552 2498 905 xsxahshltz
686974 2902 1395 urwruitvlk
281656 1871 247 jwsaqxqpkp
394231 1292 397 qmiesuatdj
89965 2943 1619 yflxolyjls
4183 881 68 kljxfyafni
224616 891 895 nidggvcmyo
1437808 113 1592 mwtfozsmxc
398110 1951 171 mofrktqlxl
764211 1400 1358 gxtinnlaro
563252 108 1532 xqyfsxpegj
633031 703 1331 nxzjjplrks
187520 286 1548 ftquatmxtz
39182 1394 1240 vfcddtwmvf
760525 291 799 krdssohsjj
263919 1039 1162 pmfufarvqz
194381 535 1282 jdxsejuxga
669033 2497 1563 urshezowpx
455373 288 983 wkledlyttq
310098 2458 374 okebbhfnfi
587754 2979 1467 aeamimjbrx
395536 1320 1164 fgcjwzmsxc
871664 2803 784 iexmmixtkw
1758703 1028 989 eglkxdkywn
1053369 643 526 vocesahqzb
683633 274 983 mgfitpuwev
450805 2084 342 oxphvdfwab
363052 193 1259 wavdyphnud
798854 2004 1747 qpvsrsgdfk
582896 1430 195 nmdyxioliy
431544 34 1525 bpffigelvg
447110 1229 671 hugbgbrbpp
461899 1873 1569 mhtpjwmsux
1821344 2927 337 aolqrdxlim
9555 1236 465 oqgntngoij
408639 2980 1461 bbcjhxugjq
237826 943 632 bnnstlykjo
125622 2424 456 pjbmmmfvrl
185940 400 1365 iclosnuatq
390915 394 1633 cugetluaii
331216 507 574 cyrxmdetxu
1078357 92 258 vfxsthtudz
229231 2724 554 rzdmveshur
1525460 1348 491 krbfpkgjim
958972 840 1602 rchdbhxkmn
1265392 2646 262 ltwnboiyhy
17590 676 1804 ntexuagvqe
26878 269 1673 dfkbuduofp
232374 1755 1806 yaugfuobdi
563339 2930 1971 gjxxdtoixi
529072 1692 1901 dzcjbadwsc
1177156 48 697 jqndnmtycs
480196 818 1236 ftjuqjazzp
1157888 2533 1042 wamavaprvc
1178509 294 1480 dxmfnmkvsg
1080242 2741 14 hbqudkgmki
434656 2740 1744 vqscnbncns
300139 957 467 khzaqcelwv
1116642 1124 113 nximvcfvjs
498095 574 566 srzijvrgoo
209467 2435 1570 exmifnfnqa
179182 824 764 dbocrqliri
2215672 1396 659 hqqsuwxpgj
1783215 1728 854 fzwfvuntgt
519038 237 1697 ocddkhbffp
374424 625 172 atnhmooady
325901 268 1862 tcwlwirbcy
305224 2431 516 dzqckigpnw
811226 2800 960 fzxhawctjy
267467 515 1858 tlhwgksdid
1154832 631 221 xrimnmebqx
448043 2827 1410 cjjjpxhkto
401396 2154 910 bvqemqbgvz
693647 1651 1127 eixcsxcbvv
349545 1813 107 iqkybmfoxd
276860 2153 1203 kmngkwqdtp
108287 435 1443 jpoksxuyrb
322904 568 1643 ompdncgguc
134524 2705 1144 jpkwhmbftg
1385461 1701 472 rhjshxqeod
1832645 779 178 wpjkneiopi
1345899 1103 1658 udyhyafbii
102266 1808 1843 lpjkzshrps
714589 2072 312 cdjqejuvwh
283177 1887 600 yayjasklqs
274695 362 1247 smorblfniw
1033805 1684 495 nhbxetdhqk
2683032 2230 1449 eabfetpflg
616770 759 1957 oobhdurbow
503561 1226 1551 dudtslxrqk
597905 1345 328 zwbzpwsrbl
71146 1838 1862 mbelnwbnvu
480760 2091 1916 jsynrnvppl
473150 1903 1031 vtvekuiiuk
151221 2040 1911 acpsrlmggn
1652755 2400 1916 abxxygdjof
330769 2843 975 koaubipnom
195663 25 1725 gvvlkxkbul
262858 977 1825 simogfbgmg
64230 2683 0 jnapdfiehj
745228 1478 1638 wmojwvlhyy
940109 780 517 mfnmtuuliw
203459 1451 588 kvqqvvfefv
405992 1946 1669 hcekafjqqm
52026 364 1342 rrllezywqy
316444 597 408 aagoiqumnr
100064 1897 836 seucuohumg
29476 446 1304 bztenrbcxm
576875 2846 144 vfiqzsqndo
459702 1868 806 ofxruobkdm
32081 1355 768 jnyiypuwka
386312 1750 1267 zkwzhmrgkn
1077362 483 166 szorvjuxzr
47527 212 1808 iowiztxnci
803141 1860 1839 fgrvqhukbc
86493 335 1578 hzgpfnvhxj
400787 2962 1797 coyldlvvvh
481019 2788 1506 wfrvwipyan
199875 244 1723 mlozcxncvt
87829 980 1086 vbymydsouj
622838 1168 1657 ftgurdawwh
1209422 1142 1288 avzuzlbszj
242559 860 1523 cklcitsxuv
358187 2452 1156 axuyfmqwwb
255184 2932 1311 bdodrqtuqf
1025231 2109 156 yvfdnbcpdg
358848 2719 244 nepzylfomy
5284 985 863 dtbwfakvge
311294 1940 1746 kdmofknncs
1043395 1243 1042 wfcodzbqbu
1188063 1553 1526 ferwbavgnb
97863 55 693 jqsidsytcf
2176715 1312 608 npurmoocog
66668 2307 145 vpcuxlzvai
143804 2286 1626 enmdjpbbyp
435858 939 1750 fbcougsfco
523431 354 1191 qmeevldxyh
414977 288 264 ckoyrwdmqc
128609 1433 1671 hhbqdpobnf
683462 2581 1473 nfvabgjgqr
189459 2967 186 hkdfoudyyu
1471286 1471 1143 yxqjywhxde
1469013 908 1154 zgsdjghlii
238146 236 860 owpjjprvre
396756 1237 1190 mwwvagnyui
274950 1045 1827 dtnmktzgtx
333883 757 1701 pmjoyqtxcp
282964 2416 200 qihocxbsem
278512 1685 972 afpcfnfyzi
909601 757 19 owaxkupmwa
241604 2304 89 buekuzqyjh
823091 1629 314 wzemykemxs
320810 2681 1494 okuxqpqkwo
138153 2110 1453 ciqaoftcmn
191064 2218 1518 kgxndzgbmh
206364 2407 301 vteecztqus
368599 2540 691 ecuziutjxy
397689 596 267 olclgswaqz
13951 2997 155 alvnnyygty
938892 129 794 toipbsmski
371165 772 1014 vnwmmsbrtf
595991 487 1389 covseomlrm
2019323 2371 1917 uazsfaomlx
16760 2136 1725 ztgsudojew
441964 6 721 kmmknfvvjx
277826 650 1929 hkwhnfqspp
1502869 2120 528 jzbbgtaupc
750539 2644 1590 fhpnspexxn
40638 1083 937 mmbucmyljz
520256 921 579 nbxqcobkig
476701 1810 1822 nsvvkdfgee
317030 2939 1238 rdyysbjgta
90947 1814 1460 muihmiffxc
168326 514 21 qhqyafuksf
716472 2956 1316 nogprmradb
1200767 377 1148 wcaqlspfmg
1822756 909 335 gprnnjxlij
313424 1976 1342 evjybvsvnx
426026 1089 25 klqbtuabnm
418488 1669 1228 dsbmnpeutp
336348 2571 181 cseltwklrt
1132291 1180 1456 yrbirbiwcn
168267 249 1551 ztiipolpqs
391649 1965 118 zqvzeqngau
173485 2257 276 qnumpullqg
1067484 869 538 hnpvzpgqgt
61882 398 1419 kfvsrslbua
1168518 222 998 hcczdmrxrt
349809 114 1401 hhqkzsyesn
522311 1236 464 qepxyloivi
216721 1244 1674 emkdhodxjx
254276 1375 906 cjriurnskn
926043 1577 438 ijvddhjrko
152047 2050 1252 ihrkxusqqd
472062 2989 1737 krvjtghdeb
182811 798 567 ltxammyftl
132328 633 1735 gveluwmdwi
277538 2825 522 eouhmnteep
316298 2491 518 pnbunzzeyt
534192 549 1722 tdtjxsoyxt
803958 1259 217 jembmarskj
329961 2531 958 vuqofopfth
198382 1350 787 vfuywbcfcw
73289 1925 971 kadkwcqmcg
1347252 523 1263 djfguggylm
532862 349 775 ydfkbjvtwv
838465 398 800 ohcabhcevd
1326454 2794 1125 lxwpbuecog
1298656 860 338 xyjpeenkka
1189760 1970 199 chxewnpsib
254209 129 189 orszoxqern
175886 1228 1058 iseuswzgqq
317832 2003 1386 kvgdefdcze
437937 2931 956 pufiwisplr
152713 2525 1103 fzzmbixiuf
654450 928 1077 wnfqlocilw
859788 1099 972 lvepyrrhgr
1714311 1502 1760 nkmbgqgdur
871413 813 1611 dxshztrrwu
192282 1941 790 uypymgdiqf
503501 2475 1193 mdopvcardu
73783 611 819 diftxtsuex
110930 636 363 ywjpnkcnyj
80446 2172 490 oottuegvdy
211467 2590 339 qhramuwlvt
406874 316 340 fwmssmoucw
70203 2144 1505 alxlsbqnxj
204378 2183 1040 ouilqvvpig
364690 2638 317 ttecumvcpg
1023674 313 52 mtrvtuioxr
623140 1500 856 qluiwvjhon
134597 2796 1272 ltaqqkaqwp
2401721 2333 1827 ugdoczulzz
836758 1993 726 dqzxleukfq
7811 1305 343 ziwojjajhn
267034 2974 1890 qrcutibxuf
1701079 350 302 rffyejgsck
322070 2542 709 usxzieiydy
2030646 1440 1687 vizxopepol
800094 2510 880 baxdgknhah
280905 2945 1599 tbkowpcowk
49390 580 468 jklcsdjebe
1983650 1834 355 adeldwplcd
244991 1999 1433 hzxcpxzwfu
93267 238 458 lgstmchimb
600971 2846 132 kqovkufcje
141121 633 769 ryrkqeeiqk
866710 1609 1368 qzbxmynlop
1067214 1657 705 nruskhqxow
500803 426 1054 xdpwzwrqjy
896886 1308 1765 dulnynwuyy
88018 136 1070 veobtfcagl
222909 64 227 vptamigqvn
83037 19 372 hkmixlbgys
131669 159 1318 eeziqbcwbo
861289 1866 932 uspdqypfeq
841042 1040 1693 gtlytofbgg
67725 759 1580 yfoyesdpvs
581772 760 1524 hudesgyoxh
694918 2715 1307 tjcuxtmuqa
536013 1836 42 jpwdkqlorn
349256 2059 113 hquuspkkhu
2640233 2802 834 aycyihgtiq
581694 2175 1965 gktvwjbkvy
1506567 2501 1723 bjgahkencn
1303793 2021 928 jqtgtkedem
91632 2862 552 xkifzfrbrb
776470 543 58 oeplpamwhn
472651 2669 691 alcgqcvmfr
130557 2872 1102 ycgdlzvwml
1144779 2597 587 qktoqgdmgs
938641 947 1599 uhldwgvqyl
109042 518 174 eipxzhtrko
1806279 948 437 pqwxwmifou
444110 1841 1468 exznbnhjgf
132143 2669 1440 wayewzdkga
420306 1398 1176 tjefxraoql
98254 1728 1065 vmlmcfljbe
545000 2134 1608 xaublcsbbg
1552904 2251 762 quovdckgcc
286931 1624 759 sxofwrgkzm
1188687 1399 1076 yjpqqxjabr
251751 1160 834 qbfrzdlzzg
434025 904 1073 hajudhhplu
80235 2941 1071 affwtjvkpi
2603195 2472 1135 pprcbwaypm
439695 607 1170 evwrugkvwq
140430 1706 1717 zucdgomyay
696216 2150 135 evzlqknqxx
501886 1938 1123 iepogctbfx
977349 1942 1882 hnyynwkddo
226222 1091 1881 jynnipmyzm
899494 2410 1394 wbrkondpqb
2605124 1472 1775 uholenlneb
1540420 609 1776 sbxiuyvhbs
262823 131 120 qyaucjxtfm
144867 2706 1015 fgtwhkebpv
38067 2168 333 jaxkbkoupf
923539 1141 1758 imxnttawrq
164718 1119 386 tyioycmcms
27113 2976 1955 yeynfnsdqm
137712 331 1201 bvfkrvakot
18448 689 649 tztlxtuwen
359610 2932 1563 kkffspccgi
989078 2423 1776 ikeqifgzch
1018485 805 614 pbbzbdfozk
412087 2472 1257 oipmnkpazx
229259 2697 1512 yjwxeamlaj
203931 1478 1227 qgueoraoow
1217158 1342 308 cqgijivdvp
862239 645 1712 uirayznuvx
574156 2248 625 znvajfakgs
33068 2941 576 usrtwvwqxr
159058 519 1204 psgarqszzv
1462595 1082 1054 sowjwapulv
287848 2869 1883 mipwqvyysq
200790 1786 704 hwaifvwiyr
124462 693 92 eamocnrmvc
1070079 1579 80 mxbfrasyum
1680257 1844 422 upvqduiebv
14339 1140 1960 ikfhwnrdxt
136854 1506 337 yyehieghin
1656479 1976 448 ckmsyeilvj
55322 1284 1616 ughrnbfbfq
336976 1916 1763 cvmfayiwvu
51544 423 1574 ntdrsbztxa
194005 694 1042 umaduvczjm
2352979 759 652 teefrtfzac
435707 634 1975 jkjjwxuzrq
49706 1823 1426 yqjfjzoear
1769748 193 591 jcbugaiecu
384188 2214 628 ijjdmsxrct
803893 2889 1022 chmtleoqif
81869 128 224 xbyfwdkezd
21032 1846 1550 wivnqiwavz
641300 1690 147 fbvvuprixk
111202 5 1779 saanruyrdc
2089793 1471 1731 muttluvhtw
865735 730 232 rtfkaszpju
402238 2322 1429 kbbdjuuhpl
2964516 344 207 pptlcilzqi
51791 1418 885 hcwzieiryn
264399 2840 206 atselqduer
1413917 2145 1922 jworsrymtd
1519544 2791 1754 zsqrhprinz
405059 1221 1534 lfyppuhdiq
731644 214 1946 mpzcdblhub
94180 182 426 jbqedblfje
2316575 902 510 ttieysqfyo
1158247 1123 1196 uenephevvc
1024956 1483 1744 leikzlcreo
60624 1332 722 wirukbvtyj
1006089 1224 118 mufrbldnsz
109346 2200 1813 ghnuoyxhhs
462752 2333 874 jjoegmcnib
258065 547 1714 ntbrtpruci
432267 278 1449 otmtuzccjl
530176 249 1520 kfdupjnypg
313590 2385 22 dpmmdgntbw
363026 1803 1072 mimvyxyhwm
3095 2716 31 oeugaoxorn
739293 218 417 hllnvvhirw
13416 1003 1961 gkbfewimof
1129994 1366 1385 cdcvomoupm
114238 1142 233 kmghizfqag
181392 1682 1359 mzoxrzzmfd
30505 505 1503 lfrsrraxgv
531620 2848 1825 lknyftyydk
371051 98 1213 xwtpiqcflc
202998 1854 738 zgcqctqdxz
1051572 302 1688 kmylucrwho
86414 2557 316 kbcsnqezvv
248653 1729 1620 hmfkkghuhd
335449 2647 288 otojapapdt
179061 1452 1247 zpquvrzyny
108904 639 1211 mbtecqusez
178919 2604 53 vrpmcptqlh
620984 2280 887 xpkahfmqsy
2318879 2134 312 dbdpxjehfn
260328 518 1477 sskuolzrpm
185066 209 282 ggtcdirssq
279289 2914 1372 ylddzzmyiw
221027 536 1391 yzfteqevvv
38820 1122 387 ptkvdwnknz
677227 1613 219 svkwgylkwv
436231 2849 1363 yhesveczid
949582 665 599 fcaoxdqond
151556 1405 1725 jybieqckfk
371936 2792 1660 dpnjzfkkor
2664112 1750 1091 bphicqyvip
1874868 1569 141 yhsanutuar
385810 662 1486 uiudjprpgg
714691 131 1770 movcovilpy
499509 2422 1235 wwtfzeejty
1311503 1488 1064 ywfqgzmwhu
1742872 2141 103 urpvcaxtka
2663363 2591 1335 seozrgzwzd
1286301 1629 1767 glpqxlxizy
7397 411 1254 ezrgvadqbi
817989 437 163 kmvhpkbfor
998881 1036 768 foxpxpztjx
925516 1451 807 juhzwjjbcq
964779 2556 1704 wsvisuvhda
539583 2192 642 mopbdpvbrj
249217 1240 878 zomieimjlw
984540 689 483 fulrmqvxmc
719232 2271 28 ftnegildbc
432713 579 645 alikgjqebd
733372 2055 1389 tnkczzeoiu
152371 809 800 jtmuymficv
252636 2849 238 jzuenffvju
1169947 1082 1655 esvudbfquf
127972 1249 221 yzgaskbqex
1989004 933 513 gjbmuqbysf
20239 761 1784 adejdrjcxt
295556 1070 1283 nulzhcmkec
76012 510 533 eqtjpwfcrn
1324229 1370 18 vimqcvsewj
144863 2807 840 qgtsgjejpf
619935 2662 1539 rzxrydnujj
933765 2121 513 rwgfijbuss
489696 2190 1238 vwbbphgxap
3936 2689 858 oxnsedcwsr
320862 385 597 skhlqjoktq
202407 1801 938 xdpqwszmyz
108567 1342 1527 tdrwvxikkb
483058 2497 1375 tgxmomygrk
699472 2128 1076 ckkuuhrvga
47556 213 1483 phxrxlrklh
479891 2818 577 ddtgkcafhw
99054 2615 81 vjlerymutc
418052 886 1826 krdxeylzjs
524942 1645 791 iociapcpin
553562 350 1330 wyjysgwhvl
387614 544 1140 yjerthuviy
654486 794 224 vqvnixpnht
448818 1350 1301 gpgyrqxikf
518114 1162 1906 yhegavbxss
964267 146 772 fmcaumwmkh
268102 2963 1976 wswgtpajxc
133485 2063 1834 ogtlwojgos
519546 1260 1534 keocmapjfs
749721 2801 1094 cuuedairwm
938486 601 1425 osvgkcvjiv
543094 1181 938 zlmqarjmsx
966104 760 1486 jexvuylykv
66568 2988 1217 mtuguixgid
88748 2931 1372 nvjkzoarwj
180077 1115 1985 rswpydgltb
156808 768 30 fylsikbisj
1024317 1778 600 jbzpefttss
215889 2397 1398 kteymbncpp
406612 2301 1032 rzfkyielrl
631823 1296 382 zmhxspijwa
123320 747 1663 abnbpamxwn
233677 671 1702 niaoybuvyp
831112 1392 439 narhluewdg
489139 1726 666 swbvcelqak
208703 1813 658 eovqnfwybu
56350 1947 1440 ylhuiaogzj
522095 2105 1242 agxusetgnw
172146 2310 890 vcodjltzqs
266425 2478 1797 rksregqurz
1794534 2027 572 fzoguiqqjm
1800017 1248 1286 vaezumfojh
570669 2224 1919 rwrjuaphqc
623620 0 1640 beqmvkzzeb
1591447 1705 224 fhizylsvdt
814556 2405 116 qrtrgiurgy
1176408 1653 1463 xmtoetexht
641574 2980 738 yiurzncwkl
98985 942 548 igcweagjpo
584424 1793 1623 lthttqynvk
257596 425 69 rkjxltnnky
208617 862 1533 dcilldvpcb
852209 2333 1098 xgoymdjyfa
575379 1789 1450 dewtmazusi
2612692 690 127 hcbjdtzwun
96234 856 1520 ogaxvfevrx
11256 1363 709 sfvcsggpld
48243 2624 159 lpczrqwvwj
559758 138 874 xuhxvmknju
4075 1777 666 jogurlfwrb
403823 967 1885 irajjoxyiz
334841 738 1148 yxbnybbgpg
2577029 1261 414 xsxvqbjbmc
207963 2303 81 ssanffregl
1026807 873 695 zwqbczjjwo
150896 1317 332 npgjsyopky
1307280 2158 1742 ihyeithxjv
315348 150 955 gwdmhiobfp
718706 2240 1180 ntsfobtbbg
734711 1483 583 uvpjtbnpqx
673967 383 1779 zccglenydc
225651 1666 746 lkmniaylmd
644530 2093 1257 bqgbgouziu
1532624 2663 1919 erktpcoizu
670707 2340 409 atsroigmcp
154759 1341 1632 rigkibjmjv
322407 45 1149 jgmttdlqft
1347969 2620 462 kzwddrreuv
442450 709 529 zdzzcikmol
34338 1739 216 scwusgekog
1165434 820 1303 evqhhnjqgp
133110 1655 1145 iuaxiuefbb
44906 2433 107 nfqukkiscf
103674 340 1489 wlaqivtvsu
28373 2058 831 rwmmeruhuf
853292 474 1184 omwrjjfoic
318820 732 1243 ntbsnilmlp
1258995 1812 54 uhcngnsgph
401449 1925 1449 wmwtkyuvnv
415229 226 1299 rzwrcawwkx
101934 664 1242 okbskcqjyn
1267792 188 1606 ofutskhuoi
1238488 1005 1931 csvdvpgbqz
428759 207 1702 ffqccmodlz
107257 740 696 fhprzrsivb
220652 1472 1670 dyhwwhlvel
1176342 2993 66 meyuqpqxzl
395273 733 1839 ftfulmlxir
449382 1063 1567 etekbjmyse
167657 1156 594 ohpmnlmwee
403472 678 1124 poppnwwxlv
149874 683 886 kenwfsjhja
352012 527 286 damwxuonsc
22580 2155 1807 rtikwimguu
1077141 2718 1832 tfkhkykeyu
61337 202 10 zyoztaczss
219327 2548 854 pfoydnqjfx
397267 2667 327 cnvitilltm
206778 710 853 bamrqgrvcc
294360 1081 1382 atfpbsqayk
657274 844 954 vbhvoijzbv
16808 441 531 nprmqrxrxx
386603 1049 779 wsumdxoysh
1180792 305 950 qxcanyyppv
357128 755 70 qjtuwwpbsx
560153 2972 182 uliqkeylmq
1947461 86 625 wqrdcnaxhw
87748 2257 1973 gnxsfklqfg
390883 2606 612 aspxkwqgkp
1720090 108 1714 gnzkdamiqn
196308 77 1839 lzwuoklkyk
157226 106 305 eoqsittsbu
1145848 2618 1050 nlkbjybwnx
511486 2577 1773 nykjobaqhk
317384 1418 812 pdblpfrmhj
194052 2852 445 xzgxkicmws
2721268 852 61 ylkcfmnxqm
868691 930 19 jvvutnujey
746880 2685 898 citbysbokm
720582 1544 1338 wljeryxtli
161767 2705 672 cbaoxfcdar
406788 2411 186 owupchrctp
333519 958 949 myzptxfdzn
1383803 2162 941 qoxglmsiyi
1351710 445 1423 blqswtoidi
1223047 228 392 oxonviityb
457397 2940 1343 xjsyhozndj
116922 672 540 zmdvbnmhrt
136969 2291 1528 kvumeyaglg
35363 2759 1718 ayxslejbwy
261210 371 535 enoxozolhm
8517 744 1829 yalfvjmxqd
657672 2533 1055 clfeeqvtlw
53520 1166 40 bsuyyeqjmd
208968 1234 1107 seygjxzgkx
391490 642 1745 zhgrgdavjo
669433 2196 1100 qrhiprowzm
286736 2931 115 jpkzwygvud
481592 1251 329 gstsycxyqy
490205 1780 61 waumpthdxu
73373 751 982 rtvfavfddg
684087 807 928 pqfoewvvvt
1259838 2180 224 ufabnxvots
1140464 1445 737 dxfpxzzlsp
37759 2362 1434 icfiwdsmei
1110397 1691 1301 acyfssnjmp
219379 392 149 wqpdhzldxl
1050151 1191 31 rorlyfvmpu
58709 2181 814 pqhqpygwjr
388235 2909 754 yoizsyxxsx
470141 1255 874 vmilobxqyg
261402 2397 364 btrlexwzay
705994 2186 1312 eyxzujjkak
743199 1427 624 mndrqwrpik
1266478 802 1174 jdpxiywqjj
386292 2497 943 fkvpspjbal
488791 1056 174 yrzojeeckr
203150 1474 444 pffsjzodpe
742054 2194 1932 dzcahsqodk
222015 2377 147 mkmlonlglq
776212 1600 928 egzcfkdisl
119281 1081 583 habygoetrn
889235 2477 739 amzuzqjkem
1312531 2433 665 fvjpcixrez
741358 1217 1621 oifvnwevud
204908 1049 134 bhcsadvjda
465002 2131 17 xaledzhqro
93644 812 395 stxmbpeeew
321021 2904 1061 zowfvmzlax
225150 1820 1072 ldokznrbii
1512914 2915 1636 llgknxmzwf
697392 1305 97 jfrhzptwur
226082 315 72 egfbqlcsvg
326674 1778 1658 ofjynrzrjb
935976 1497 1045 gccxnpaokx
1126445 2418 812 sjupijzlsi
667880 1345 748 pnddwhltcm
684618 1462 111 ufecocouxv
150755 1389 1911 kxqullpzfo
1589002 2108 28 dtlgkhxtit
991640 1774 727 nudiognnnf
911883 198 1532 jbxyidopyo
405804 2660 269 uoepfnrlmi
1207338 1685 1612 rwgdeblbpu
208681 446 1459 anyifzfbmq
494756 1651 1085 vvesgftnjq
82224 960 1167 kvpccpztko
422172 1386 497 kejkxvpugj
667003 492 1494 lnznlyxlrk
897753 2791 443 dzgddcqllb
1199610 319 836 brhlhiwwqk
2021264 1114 1128 dcznglsjmv
1810450 1095 1770 jzjuvnlkxl
1022506 782 481 lkxucdzqfc
326874 2252 1356 jqovxiyphu
525092 1845 659 dubezwlrgr
338504 2299 1912 gyfeinjasy
655095 1284 1237 dxbdbbunay
210637 2649 833 yubjmkjfvj
238207 205 1923 ulfivlfsnv
226658 365 537 dpqifgszme
164423 2675 122 dacxwvpgtt
1371645 965 86 caqxyaazcv
1887242 1714 1142 pyirywjroq
927554 2162 572 ksfzuzlzkm
562099 2696 1398 pqzxgevjhg
694803 2194 835 jnaayyfrxw
359655 195 1406 safevblwvg
72227 106 571 lfkincgmaw
501479 2003 1903 faejucjggh
163805 1146 411 hzhqsmqwej
657301 2859 908 lkylqlnkib
52047 2142 1047 uuxvrypipc
208823 144 42 ubizcfcebk
102957 1509 1955 gkpkzqbkyo
284257 545 935 gvpyabweud
1200096 1267 809 vmtibbzyih
812589 459 1030 dasmdibvfs
917566 2208 1139 utgnurqaeu
10160 1644 617 uetazogcbi
1478037 98 309 towomknvou
157648 1385 1400 eeylhfhcsk
100031 556 390 rgoxwfaxyt
661292 2176 1436 mberndiazp
229953 1983 991 hknrseextr
334282 2690 1757 mwiushcbht
592480 1698 1622 oliqwciunq
391686 1545 489 yhyopuzbhh
600396 149 1658 sblcqpfroy
764932 1121 804 lzustjdtmo
1026598 2846 475 niwnlvaamb
114500 2457 1512 dahxhujmea
75636 2403 833 vqawcwinum
174739 967 1616 itvoafvalf
937781 1814 1063 cuqcxjjfwq
1401137 2509 661 yjftiwkywe
337359 2870 143 jdumfizdzk
1461419 2047 1175 pzxpbjinbw
520706 1334 228 buplicldyp
398422 2943 51 enzkyogcvv
373624 1273 1699 hmjvcsbnae
260269 2610 162 thgjguawuo
730528 1677 308 itegarfiaj
104655 70 52 bopznxdtwg
251539 2259 488 puthybftnl
949819 653 8 rbcypqpege
1244626 1060 1400 wjlqnaiqln
166126 2862 1343 xouxvjvuuc
1117670 2266 776 puaxelfari
152912 1163 202 qxxvievrpf
773855 2347 148 byljfpmldq
164557 210 1724 womdvszees
209849 1434 1513 bnjqgmzogl
448907 769 858 wmqiwnyfzn
459097 545 22 ibkxlsdahe
269605 2352 686 uwxwautbly
176650 62 1750 loazuwsual
101986 2319 1536 kftrhbbxaz
587635 591 119 xfgsllqjcj
773989 1969 740 lgfyyiqihj
697298 2097 1060 aotxvwjqmn
224731 870 1327 flcqzgvpln
210279 933 1459 uaruarnyke
131504 448 501 olkavlizxn
1713267 181 1974 flkxrmwwfu
1335158 2597 1191 kjvpbhtxaq
959240 1404 1798 pqabodtfco
1115656 1812 531 evrmllxwfh
988105 731 1416 nheaefvspp
266774 123 1552 kagjbhpfha
1593527 886 1950 pwchricxdq
709850 2821 941 cbpkiszabs
522852 563 151 jugoicmqxq
844798 1762 158 wvhuqjmczk
1433735 1275 605 fdeuswsrnh
1561154 1737 1752 iezfolpphp
104082 565 1238 irleuszhns
785698 2187 1188 lbolqdemgo
185376 1226 668 wpuafvgfra
178746 263 1006 trnzdglect
208606 901 497 iveygpcpfd
637013 1005 628 sulcfiotkc
395741 2207 98 dipjiuhyhy
768962 140 1646 qgoatkjkhb
186352 274 1974 kseqbhtpps
449653 1764 896 hcgzppscwh
278401 1330 258 xhcmjxmkrc
647166 1925 147 nzorevbbgi
1063133 718 1423 ngcuoejkuh
1090629 1863 1729 zebsbzzxph
55751 2487 774 orrkctnkws
1133133 1424 1906 ryqpjezrku
87345 1439 790 ctrgzjuesa
882419 1897 330 nwzakuhqgp
267800 2272 1895 olvrqokoas
850471 305 388 gucdbbjsfn
72671 1201 707 vyqnfukjbi
1984506 2899 1763 wkyzlbqsbg
250414 200 1369 kmhyajmmkb
1692007 2367 1034 taeibsbagr
84723 1749 1993 vjosqrdjrz
158177 2022 622 twrgeyahih
74404 1718 824 cxzsoluscl
129219 2986 926 cgpsfntmfn
377630 1782 1165 qfsjknelgp
954851 121 940 ohxdzxtycq
328805 504 654 qtaqrjarfm
414028 227 1204 cfzekzgphf
156731 961 953 pnahlmjenc
177164 1766 1371 fpegirzsyh
867981 1569 418 eoladwlvrh
189233 2121 1250 tnkknqslew
109040 469 827 cyaeatgzfw
243650 162 616 xgukjfywjg
166921 2642 1738 ovywnbrrij
445093 1612 1622 juqaifdpvv
601607 1604 529 yjtbanvkka
395214 2497 124 ctiikpopla
345862 1354 718 cqkfdbhuje
17675 1672 750 bybxyuavmt
47319 926 1612 ppifbcalon
60976 1201 1029 iizgbxrgwj
473710 2714 860 vjiwksxllf
1360157 2086 390 ndafidgioo
4754 1435 1991 rutbyunvol
215316 625 368 vhmocosvim
1559955 1375 1490 inwxboxehi
582258 398 829 oghpmvmgrp
75300 2304 498 btwqarsavr
1843637 1641 1535 znsuxmpzsg
404584 197 696 upiygamqel
28649 2534 863 vogmwacqsj
109581 1645 447 zeqoipvrel
88488 2652 13 phofehlzar
86621 599 1768 ipnzfbtyrv
62143 2588 1513 bbsrdbmtwu
239300 1824 1202 dtpxgxwlsq
1581204 530 1345 adjdllcobe
184617 2209 151 pcxjpmarjf
211830 2275 515 mjbbsvgtsv
1733417 816 762 qwmpwscndd
36213 1967 380 ipqwmiknbx
137107 1302 1904 mjrwpmhtkn
1460219 2556 561 fycbkyhlcw
154211 1105 345 fwjcmkinqc
1519461 1741 761 fefjzukemo
127054 1533 663 pdposbvswq
311368 1924 298 ehaawvenmk
404309 1627 1986 ffyezudblm
597225 1405 1686 anboiznodj
167907 2463 119 llgdoehpum
1359867 2869 1082 kvhwmiiqmn
853879 1250 135 ikezdotvin
273139 892 912 rzbbteqxbs
955304 380 997 jyrykrqpko
500312 1001 501 lvfhagldgw
140357 308 276 qakgkvdkrp
25965 537 1031 uawoiwbxqp
393879 2907 1549 qccjqxypby
13076 343 1640 ncogfmszyh
1488531 1670 1536 zncwulahhn
103239 21 1991 nuspjtykks
493019 1912 548 zzadhtzesl
54757 2298 1117 tfyhhwrbau
408267 851 320 oogbwyahpb
176789 1727 885 zgatwzkain
218120 2200 1796 dqkdthrkzj
466618 2774 869 tqbwrmdwgy
871244 2672 1941 xwmqrgtszg
395242 2017 1990 hobdwrfnuu
247558 2509 1138 jeguzyklhh
513377 1989 700 ldempgnthu
432498 2958 1262 ghnbbayawu
202267 1927 72 cjztkggdxw
426358 2291 978 neaivlnvqh
740739 1430 584 pgizleargt
1242201 2784 1348 kavaatrkmy
931103 2785 1938 arzdunwqbx
1268091 2787 1314 kvyoksaxnx
775864 1493 1727 ufcuezvgzx
237568 2756 1123 dtquyzgysa
1748530 232 1259 vupkwjvdhg
36802 903 271 mhjpxfpqwc
389569 1283 1389 uqxtqzrwmi
405339 2843 1034 apupmsootf
325616 2179 1638 udzooflxkx
2484065 1367 1149 dttzlacfge
495053 2085 459 cdepzrotcx
307825 246 1728 bmlygpsuio
11701 172 943 vsytbjgyrg
225353 685 968 yhganzkcbw
156407 1001 793 okepofdkhe
1429189 1818 728 ujxprhnxvw
374054 674 1898 hhovkwebos
701955 1393 1538 eyxjocglnl
1117577 260 1305 qnruzvveuo
227030 1514 127 dzfgcexrdo
1066661 770 1931 qyibekckwi
720403 1095 19 iaocjvkmru
74830 685 1820 nhhoatuavb
516811 2398 283 ivmmlzezbd
210674 2789 1276 ygmlobggfd
307239 2801 1 uriqlgfyii
145569 1844 1681 npfflqcjew
291736 683 523 apbtftgaif
242555 339 336 litwlkxrwd
1519894 52 85 gosvnutgcy
120926 1352 118 adfqmrtcwy
522562 2319 1855 aajupcbsso
1000434 265 1307 nwqbmhemyx
277893 1340 977 exhhbmjbcm
314853 857 1371 zmhjgmznpg
244460 1622 690 dqkecvcuna
1190162 1027 1055 qdeuwpahwv
315018 2324 84 ahxganbezo
289552 2178 1573 jtuevfzfja
35967 1446 570 yqpcalwunj
5900 988 248 xhootssyvd
9030 335 626 varxpqzywm
39401 1125 390 ziloulpfmv
553780 1400 902 kgvckeexeh
386553 2126 1759 sddkscjmtg
342523 1675 243 dvfvredidm
406756 1479 419 gfilrmzlew
116106 605 1703 tfzqjpdxkk
309645 1663 1308 yfcicufccx
1611988 2210 126 qivftxflgz
249875 2643 1343 gxpwojiurn
650486 1496 1353 ktvpaviabu
471656 112 1380 qvsrnoskst
120258 2757 1642 fqpjkpjvcj
953058 1457 1848 zmtbqstcbx
559847 1164 351 gbscnlkkko
821485 240 1387 rnjuvrdnpn
33511 757 1474 gpwrtzplhd
115176 686 290 jjzemgczrg
1188487 1748 85 omzqtevghv
336053 1452 1095 mcfyurlqgl
939947 1753 268 vckcvzhpvy
147476 1677 1126 cngkabuhth
636903 2361 1605 cawtudgfoq
2017094 90 311 qwxamidonx
90201 1150 1784 iesfbzllsu
734738 673 102 mgfmsaggyw
822268 1066 1407 oeeyvdqnuq
1215497 152 1815 wghzcoeeye
764667 774 1561 endwnjfuja
432606 2312 1199 vfcmneoggm
217192 2390 1224 iuxausllee
16563 2927 570 ekajwhkslj
565741 1719 84 tmmysiunjh
2015168 778 329 dpxnvnxhfo
504179 1885 823 qwhpkueqys
768073 1053 169 kepvwlwfxa
391507 1996 1463 iospexjemn
529112 2129 806 udgdhbbyzq
314708 228 812 mgyknpdove
451622 2486 1555 mpppjfozdt
604821 464 616 yzrwftayaf
88471 2291 1556 kmrzfvrzxo
32449 370 453 mmoxdtkfpa
576784 1888 991 ahvvpzojal
330475 2560 1966 hkpfnblhij
1672939 221 1095 nkpaxxuwuw
1102825 1219 1487 cqdlchgocw
18039 2943 290 dbyuraqumz
1162800 2326 637 dlujbmkfif
701331 2734 265 mnkdofawwk
670070 1375 959 ottlpdhxya
3508 75 306 hhlzypxety
1082850 2214 1165 yoxgnjuoej
617362 1503 724 ipsawgvzcx
2099689 2402 59 pdasdorhtu
164847 2097 674 ltcupbssev
1297016 206 714 rqnyxezdad
496928 1721 198 owyzvddxpv
2312939 1146 1966 nrxbgkiezc
58226 270 818 qtrcvdbmpn
208830 2704 1800 podfygrecx
353239 1941 1485 akhdzueqbr
493730 2594 1701 msrjgwtmnm
224494 2287 1212 nxdlppwfmc
268751 1731 1525 fqpsneownj
456249 1570 220 tdhnsqgwgv
678499 779 988 muyacjqsbh
221501 1667 1896 msiwszmgnm
2774954 1918 313 gwtzghlsqm
171369 1545 403 uokbiwpcqp
88095 1222 1125 alvnmnvdxq
943086 1073 1256 zjxgbnjvtf
200689 2777 1159 dfxczludnd
2087351 2666 676 wbwfojkpbm
500892 2426 854 wotfnnhqil
1577946 1046 57 nstrbnburz
1123548 783 388 vythxooykk
213184 104 359 eiadxnhqir
96755 902 253 zqcxyvqkyv
1035222 656 1737 hwbfnalmda
128481 732 913 sutcaztrfb
941406 2574 253 ymqapjxofz
611119 250 1625 btcqhiamzi
83197 2575 1957 nmosolfrfe
200463 1906 1008 ylupcpuczg
22844 2674 1190 conxwcfjua
325387 1771 397 mxtvchcwku
348826 58 406 xhelszdgbd
80378 2518 1589 mzcbnzmohy
34492 1898 1346 mrcfvydvsm
170342 2131 1026 fxfqyaaukj
171805 1358 1874 qhuppzgakw
405866 2966 997 oqjdwibfid
581672 1812 1310 sangxljtkl
60166 2566 922 gvcilgvosh
1623268 41 1567 bkhnfdbhuj
793249 360 297 ogpzwzntrr
2008743 1899 1914 uwagchvhjz
129144 1125 1363 mqarezkpfo
27935 736 1695 bkodxgtnvw
2526 2862 75 japgnkofua
306161 2571 1815 xhobnvpsim
304125 2461 432 bszbxbbxlh
274418 2787 312 ghonequzns
1638077 2302 1752 vbiaagised
223305 2852 1843 tvfbytarnb
527420 1666 952 tlesxxqfcm
63315 337 1406 dlexalezwx
72893 2602 401 twzsjwizqx
668587 228 1098 dfjfwhjjrn
978037 641 435 cozblniarz
79136 319 1262 jefmtznrhr
307500 478 72 jqyuaezbns
60671 162 1810 vxihjgiliv
702450 1522 37 jwqhdroqtw
824019 2873 71 abuvyyozhb
222244 949 627 xibqbbkdsa
147366 779 1958 zrrnqpcpkb
992017 2636 1520 yoajjzhike
498051 2677 1800 pbvwhtdkqu
43549 129 1078 uvhadlvpqe
953459 2222 640 mbanskytsq
145458 1508 1222 dkyxjsnjji
501530 695 1324 qgqmxqgvea
55445 2815 442 fgkheuktis
307708 171 1211 fzpuaekzbl
1074032 404 33 uqfjdowxjc
200674 846 1809 ysvijcpyjq
197215 1371 1092 hpxpwqwydu
1077912 1031 1170 ukpuknsary
225518 931 386 dwljecbihg
263329 2088 1356 exqoezvftr
426002 1401 1626 xldhduftvk
193237 293 1806 lqcrcxwwcn
147477 1159 1246 bnjepwebsa
1820809 2424 1906 nsbnxcyhhd
205764 2717 236 kxschnqrhl
591710 552 609 lndmkiktjt
26239 2806 114 ddvrbinhkj
78936 1321 1396 wkocwgkfwh
46508 97 1594 xdryonrkkm
1525609 1710 1429 lphvahbkmt
503369 2952 1035 mvatshnpcg
1182157 2053 181 jkzclhdhuh
8496 2342 232 wupaenxnsz
2244706 826 1400 eqpmfxuaoq
400354 1806 1616 nvozkwndmz
157493 452 703 odsnvinzcs
478700 2118 1447 visyzgcotw
64991 153 1620 rzdaaqpcrk
407847 1007 52 nplwyjqkno
1482212 591 1431 heuaewbolz
1241533 102 698 igjctkblau
964199 832 584 fixmyuodwg
1643969 2972 1154 czcbabftgf
177844 1872 47 huexsfswno
1007050 904 522 rmndbhzpuz
750753 1756 1384 ziigygocpc
1159393 794 398 zercxcwlsl
617023 1039 898 xtysulexhq
1005435 304 1950 kdinbpdwdk
1263838 2104 1656 iztwfvusjb
425142 2166 964 gwpnpbgqpy
234615 1607 1701 qjjtyrwfno
286502 1260 1438 gnsnxselox
129042 42 1297 chaulxjanm
331930 1867 799 lepdtyjpgp
1241547 2211 506 zmvryqcqsp
1804102 224 300 drjdyvqjdi
83204 1090 928 cflogawgvt
583217 277 679 zpleqbukkg
248766 1368 1922 hkhaxmvjqa
509774 2249 1649 eofqcdnfrg
288532 1660 125 ptwpccmrpz
1156843 442 280 pyrtwyslfb
200247 2164 1594 sxxabqzmhl
413642 377 1853 jiutquuxjz
21422 263 395 kpljovqiqd
231852 179 1257 gehtjoztkh
138008 351 1942 jpixagbxui
635383 1838 1488 wknztdfcif
1263625 1875 1929 nmgivxxcei
424495 1728 334 fbwxhtxznc
987485 2370 157 pivngszvqf
2238315 530 808 zglfasylsd
549003 1986 1090 lmzlayopcm
532101 1438 1398 ldefkvslvd
259192 2786 1451 orgmfnrhro
847440 2292 717 elktikujxa
60241 2802 1680 gemsnjitgk
31180 9 1603 mkibiifnve
30479 642 576 bkbhsqltfh
13798 2477 255 hrtmmeetbr
1857501 125 948 vllhffavjc
284434 1765 477 vpwtdqtpcg
657524 2237 584 przjyscjgi
178204 1313 1581 wmrtntudte
175725 2396 1369 neewvjbqkj
419384 1475 1045 rjifdyndhv
1836271 2809 1862 oanfjmzewj
145574 1556 1476 kjxznpvgir
1773089 2408 1169 geoupaeddx
389583 2222 1957 hdfjpyahey
569851 2652 409 jswfwuohmn
204428 1939 348 resprboeym
925315 2187 618 jjwqclxbqy
338380 2802 1615 dfoybszska
47561 2139 386 zcszynlhvy
60512 2914 1743 qyyjsfxqho
1151028 2540 1075 bprpsyjjkw
127669 1182 1322 fpcarajfwi
245395 1165 1911 xuhizmyrje
254657 2184 1366 jxscnrpeya
239824 770 1792 ftstpvlxax
395453 485 431 uafxngshhu
2170345 1514 1119 qpzuzlxiud
275059 2531 614 rxhxosrdcg
550098 1063 1477 tirxdbdhnl
401884 1031 498 eizkljprfj
388256 1640 1480 qezrlumvys
153364 434 1607 ervwjxmkog
434556 39 1611 xnzqthjtjy
807046 914 1454 ysyvhfowuw
28519 359 1367 hnwqvpfqzt
363472 1984 737 cvygybnkrr
144938 2971 531 excjrymccb
461753 626 773 iziducuuim
406734 1976 896 hfonacydpt
229065 1587 1717 nhfcnbxkor
535913 177 1260 bikmxokojo
1139702 1215 658 mjzqgrtath
26253 312 1007 pcdoizswex
504689 2967 1145 vlwpanawsl
1371888 1071 103 pwrmdvyyyl
290671 500 226 kuobgmywrd
623752 157 1817 wczhsupzsq
490656 2951 1566 yprsimrslt
292068 1393 999 gmvyxfbzvg
15958 819 1707 kwzzumalsb
335384 2648 1223 mfrcdossnr
251879 2561 1055 ejqoyhcvqp
420671 2095 628 lmdzikumja
950908 2820 1648 amvkgjzbnx
104766 1048 764 nnbvlbplen
267074 1885 294 ewkmeembhj
1305179 407 1278 ictlcldkny
167233 1802 127 tyxgomkkez
1341829 460 1744 ujtsewyslj
1818419 1251 169 qbxhcpnbak
247720 2561 473 cftvxmgldi
539662 90 968 emifiazfdv
6987 2947 609 kctizrdima
388830 1191 864 tnetpksrlp
334101 2690 348 uffaiayrcs
307506 962 1978 cdttwsfosh
360210 1577 581 fqpwtutkkd
56489 2695 1472 vpxdcrhacs
332326 1390 1796 iyvhforqwe
118349 611 174 zdkwzawywv
1758540 2884 557 msziqqgtok
292659 262 1107 otszuxlmjb
1062574 2452 366 iyronhgimn
930159 653 1032 aqmjlmebom
40111 1244 258 jufqmpcwtp
128574 2241 530 hdkvdrwrrv
928313 1263 913 quwfugpmgc
125057 682 737 auoskmfyeu
260449 2674 638 eutghxfjgo
94650 1971 1273 xlstlauujl
827838 2374 16 gmfuykdqmm
251867 2362 444 jspkxgpjrc
1066755 544 554 xemazdwkgl
65788 201 1287 ntedkspyek
1077882 1735 1150 jsxzhodwln
239749 2562 1540 pdlqparnoo
249492 712 690 zaxohdnzrk
232448 2318 79 plpxgovjnp
298946 1101 1613 ehkobjkktw
125855 1042 926 rbrbgqnowt
1943705 1573 1740 fjfyqhmmtp
564968 861 371 ppdtpxjsan
419469 2100 213 pakhztxnlb
685950 170 1294 jmnyanfgbl
100546 2526 1847 gnkxockzzw
1482481 1823 1258 knhzgkatez
942414 2477 716 rxbthovzcb
682708 1194 1422 xzfysbztbu
203129 364 307 qeaxrtugwk
846630 256 1882 lmveqpsjgu
82011 1999 45 zjmnirprur
843967 1546 1469 rxqgyijbgx
42206 2075 522 ljcbpmktyu
26752 2665 607 xysviwxbcq
1985239 1533 243 wdiyfzeobw
242492 698 282 ydvceqmkpj
495972 1566 1214 vhxjutvxgv
270507 1689 702 icunkimdiz
1213580 2786 1189 gkjfidscvv
214693 1055 1712 nwsknfcjgq
69252 2801 898 zgveyjaikv
1852608 583 1538 ixyjbdkayf
37274 1223 1077 lzngvzcovz
300246 2392 933 wizjuqeyvh
818611 863 614 ernoujcvha
2063864 1993 285 dfgasemwih
242447 638 1647 rolzgudvnu
327867 341 1774 givobennsu
188618 427 1911 itidzthzap
29608 1515 1125 rkmscbfija
94003 2911 1179 jnnwwqkckq
312433 2406 55 dxfcocntth
328871 1154 1097 ojdgrqekhi
404229 2557 962 xvldlvpjgk
217563 1418 243 dbppsoewgm
337502 38 1934 tigmcnojmo
170530 2506 738 mumyrgzuey
1990390 2991 652 nyamxajqpw
1269175 613 1204 tvahstougn
46923 240 256 wbodcfuupr
259838 2473 1422 iasaelwxxo
112506 91 734 cdpzlwtkqa
1918197 287 487 iawidzvuiw
645227 1221 1921 gidqmzgefb
131538 723 781 ilzvtimjfb
39725 279 667 htkernjhjr
423349 2978 603 aycsbhnpfd
796957 596 1245 sstfzspszs
251173 1668 759 fzfbhznslt
1120518 2144 578 elhdhbilnb
2430461 1066 930 lcovbgxfzy
135713 1617 341 wvsrzeasyn
162839 945 157 weogbyakjd
379278 2276 522 rvaaylihph
281452 2027 245 wqpjztqwlv
48088 961 1503 sqnrqcrcsm
812984 1823 1418 txbambxxyy
243228 1374 239 vbpeiqptku
165630 352 31 ywswfnjhhq
1008935 1554 596 srhzqcnnnq
395545 18 681 ilbehytoup
534580 157 429 lhixfjmokc
72444 2644 1520 kjbeesfjdq
8935 936 460 couttwmuzi
177896 1435 90 rfhcbbiblv
155554 1566 532 qzomlspcvk
218638 2374 1515 yyausllzby
864760 1675 1313 rwbaduvlvj
94550 2320 1356 ilgpmlqetw
325224 2759 9 iauljiwpvl
647861 1810 1953 iwmukjqxfz
73334 319 1169 yeppbjfbvr
25148 2337 1584 precrsefbf
1242309 2399 142 ernpupwkwa
262550 1610 237 nywaccxhwy
205366 1390 1262 tyjfmerjvv
646973 1058 353 zmztmflzxy
118156 735 1334 lggnaptrqy
159613 1589 1318 fejpeioqmu
1315217 931 1477 nqkntekrgo
213415 373 1059 weauklwkxe
19192 2971 920 umszlfpmcz
23453 2147 542 wzgsmninft
772803 1082 788 btyoacghxv
79179 2319 1506 ylgozeybag
1237742 439 483 mknuuekuca
251498 1869 246 ueqwjiptes
212860 206 1703 xdwqlpdhxp
332291 824 765 qqkngnfggl
208856 56 1683 tgrmnpyvsf
1865266 1795 1123 exigkcgdrh
1363065 2061 1725 mykpnnekla
950000 1871 1289 fwdlalhqnl
1454739 1576 1588 vebqfdeway
29561 2849 1335 lpdolfyjop
525295 512 808 afvvltueun
71672 1581 1277 crivhczzjb
1184778 2135 516 vnzxijkpxm
62304 948 389 imifrvmyzm
345164 1278 1829 zwbhsszlth
40447 1712 310 fbxubyhzro
638007 2592 1383 dlmbxohikd
1036802 2271 768 mguskvrnze
200233 1239 1069 xmheqeityh
602050 1073 1232 wazcfpbkgr
471591 2156 1563 rcwiieqroi
1477811 197 322 oarkmmfupw
540964 1771 1695 jducywrpuk
126919 367 1295 mzamokgjot
178624 817 251 czvdhmtyiz
59972 2414 417 whglkhsgpb
209236 629 1257 ttaizljilo
50613 938 1563 pdlwbeywqs
949350 2056 335 iazvsldscr
1563841 1692 839 rvtpwlnoxp
175725 2877 185 ancgdsqcrv
159352 1944 1570 nvddkxibmy
160285 2361 1777 knrjhpxcvb
416100 2828 459 sgkfezuypv
117176 1354 305 topyiqhhla
469907 449 239 vwzocqlqqj
219222 2028 1501 pwhptsmntx
871378 2254 653 lnubqphrph
2057 188 350 uplubgekae
1592558 1927 55 lthootshnr
1155732 2758 792 ztzocknjss
68732 2821 483 wdewvyvuqn
692544 1850 1487 vjtpwcoziw
229570 690 1500 zngfqmxgjp
795475 2543 1194 opuqnmkewa
386857 2239 635 jthrzarvgp
691530 1255 1852 aroarvwnkk
165354 731 744 ugvxkzhgdq
203483 1355 1927 ovwsmuapmc
304421 1697 1108 stjcvhklxy
424612 398 1088 kyiyzigzze
94672 482 1592 pizpdzyrsu
224009 1113 1803 aqpymvhqou
181165 146 1675 sbwhfkjkzi
289689 44 1894 utncafsqjx
992863 2998 693 ylnptizidf
1057608 1460 656 klgcgtjxbr
233157 2746 88 ckwobqtvzw
410492 2951 1581 wfpirqcohl
12454 2052 1004 pxvcxtfhui
221911 1815 1276 xrzzmywfvj
783369 2986 1046 zcdjzjscvx
1271828 144 637 zhcfaveorh
503599 2650 510 ucqqglqaxx
479197 2235 851 mbawkimruz
95761 2974 924 vgjjiqoysw
287567 1722 1298 azaqncgeud
1856115 2464 1206 zaofvovkla
1037407 1556 919 tmhwqcveju
375280 1388 1258 mrotgwcasf
472555 2722 1128 acesvizacb
809800 1686 1335 etvhqythlc
416531 337 826 lzhliztefy
462927 1600 1981 zaefsxpfmm
135318 2510 605 hmmpzwqwce
97264 793 1882 mcivlxbxul
6528 1092 1693 gkgunfamlw
1279024 2466 1429 msbahxeeze
202849 1228 1721 dnwjfauuiw
302535 2735 331 hkoyzrpmau
46568 1315 1888 lxmoveifzk
4033 284 93 rhcakkcowz
66794 1780 577 ctxinuunbq
1448107 45 671 sbkzrnpkmx
52713 1800 1011 pgdflxrpgy
620189 426 1138 kqoujsdikr
14837 854 1003 fixokvnxpw
1715271 2353 669 bfwcildxwi
738756 1751 1384 voadwirosl
1358362 1122 675 ceicnstwpv
548142 500 170 qokktvdkkj
349686 836 1398 aizlhlsjfp
270208 190 44 bjbdsznjye
1941966 1934 792 rqgqvjzmzu
1188807 2737 1218 lrkbybtqlo
143242 73 15 oymqejmrxq
852089 2153 253 bibvkxrfwq
406390 2378 340 ulyxhsnrrs
310331 716 1894 clrypiefam
419766 1819 814 esjvhtkwuh
292344 1180 1511 mnfhfrscvs
206405 1226 484 ltexpiunyt
1587050 915 190 nkobbotavp
1388350 2206 1515 albturxixy
508979 2602 1073 fiwecvbmpc
298855 973 4 tetgixjuat
263924 2886 1992 dgenrgzudi
252971 851 1831 pnkmchlgma
210032 2112 1984 otmjbhisxz
302555 968 1356 ckbmfabgrk
1281232 1036 1745 jxrjbbievf
69481 2391 1280 hvddhvtath
25561 2142 609 jgzrqkjbts
859544 1723 498 qaczehmhjt
1543842 961 1108 yqkxblcuoa
922300 2926 1260 hwbyoteqds
16676 1520 684 pyubjimtkn
158800 874 1460 ryoszyxczr
306963 812 637 omjoghrqrr
78405 1894 378 ujfoygrvtj
955154 1927 863 kzopichtqv
465939 326 684 cpcptxlplx
156051 2215 1462 mkvobkpohi
582714 1846 43 ptgdrvgwgh
131943 2647 782 wtricgkxvn
570199 2060 118 yubacxkcdd
1259597 1225 1974 nlajqxspvh
552557 657 1313 rqzbemsglg
401496 109 623 hpabfaofwm
418099 101 63 ipnqoabqip
104055 2828 526 ehbhtqatal
275709 1643 1996 moichwirce
1058899 2720 1194 atwmauwjdu
1346124 165 785 ncpouzybdr
62712 484 1136 dhhcmzpbal
171265 1100 1017 szffjzvpgp
1013704 2490 1510 zfwrioajnx
75063 2469 1884 hmkpmtyhnk
661474 214 1198 byvgubjbvv
475414 2761 1037 roznmglkpc
763530 959 885 vfcddrreft
256304 207 411 kqlazjjpzr
176772 729 205 bbybrxuncy
94897 670 334 mkberxekrf
441665 906 530 kldyrbqwsk
776192 1198 760 ifhkdkzyxk
237550 104 473 dkxicfkuez
33841 975 932 hmkxvrnnie
528097 1355 1663 kipjoagaqt
551364 2199 1299 zwrcpymebq
810190 491 882 snulnoditx
205727 138 5 btzvcbebhu
270806 377 1120 aoyeedfgtu
541985 1386 777 waxdhihchq
301199 378 618 hryyoqrqsr
158989 2066 1523 hdwhnzpzhp
496993 1182 1481 woguggxwoj
1117161 2509 1471 bcpuayernq
226199 2892 1920 xqupsmnzcq
137112 654 1160 xeannrqcir
1396413 2001 698 xjhrhclbxb
61513 201 106 vepwoqgmax
419643 2643 847 kpibrtxdpm
129436 1251 1467 rhatfqxhub
25274 1268 234 xoeilhpryy
51920 1973 1523 mfenfeuqwn
176718 609 1038 yumitanydz
254300 1542 294 teueueicdl
307610 1591 711 flkvzslsit
338241 1364 112 plniezzukn
461656 568 1493 cyzpkzgfmc
978475 2351 1475 gijkrkxlfq
469657 2014 60 btvmgujldj
359713 2760 1995 waaxfjmjkl
1196892 572 1352 qhomhhaigt
409022 1854 766 dqrtuxjaad
182069 1077 1185 rlhuadqdbh
1265283 390 971 pchwxmxbts
224475 1961 686 nfygtrrzdd
103646 1720 46 eowljzhrpn
2179251 162 135 ouxyojyaku
251698 2979 1222 ssqlzcpcze
1292233 1426 295 mqlzakcejs
231473 2664 773 hqufxzzaeb
86007 2643 1775 hslcmhkpwe
358790 575 1773 ibdbozqyhv
723601 605 1519 wbdqmxpwti
125866 2918 1701 zyugucotjs
81007 1313 1977 ozpvxufifs
229446 1045 1706 ymhzwwtxmh
29041 1733 1043 efierqmnas
388759 1124 1848 odivcudwze
1032689 623 1310 tvgtzmnzfj
865990 2733 1142 dzfwbydidz
784698 2831 1729 zmvqaeeoso
325257 2139 1726 umetpvvjwm
44346 196 1240 uoognihmbg
1032736 791 969 pmwwjrkqxq
382116 2933 437 wrjukhbhna
1759680 262 1835 zkpwlwpccy
14824 1147 1844 ksfgcfvedz
351855 1679 340 glsifwdwux
277897 860 1869 odhkagcyfa
298210 1381 1401 olxzqykewq
452367 687 17 dzfloclelh
158228 2329 917 zwnyitcuwh
336546 1043 1409 altgdxxspb
415249 1530 385 xqcwmjxghc
407517 529 1205 dgzfcircgr
154379 1476 883 xvoqlnpyoz
649548 874 1980 nbdhbjdbjf
228543 1374 1740 npuposyqya
499101 576 1634 bdzkjllwfd
145342 2664 1704 zdkhtaterd
325157 119 1903 zjlhppommj
167524 1103 935 gypzsvlbwp
337939 415 46 aujtbnkyod
291571 1412 652 ijxdtlzlsn
269220 853 766 zjupoexcwk
195818 1253 1728 fvezpsckcz
1361005 1089 1953 gfrvyfzlub
174824 54 89 uvybugcpev
60214 2460 301 vhrecojygb
1871338 1934 1202 zmohgswaao
214627 2676 1387 qgwlscnrph
314939 743 501 bfrgzlyguf
445916 2155 1268 lqwgjqsbnq
67523 1986 1056 xqkxybhdtw
119486 2151 1169 zuwtljirgg
2458346 2126 300 zdjkklwgzb
828427 2564 1347 mryndovnnc
721916 2548 159 kmysjvlklo
1040607 2049 674 ctflbvezep
24138 1181 1373 ahupaicgea
323221 843 1038 lfifosixfe
496656 1545 1356 etawxuegkg
342195 1412 111 yrjlbicacq
14954 1733 1396 yytymnjlip
260812 2834 568 ticwszhhui
519338 1595 1532 jvnghdsxbp
337945 535 316 abtuymjqkb
1086954 1126 1906 cjtcmlpaav
255934 773 811 lewsehzcop
31428 2832 1940 vyukaheenw
60926 7 1037 mvvzpokfsc
105991 1571 1126 fehnzmpshn
435941 34 1203 pcomirwasn
1243709 149 1779 nwcwvbzyhr
1134602 1537 744 erotqgbdqm
341728 2659 550 gtbcjuwenv
260970 420 1682 mcanalkpfj
945729 1355 35 pvjlzhpyxt
62280 81 935 krhcrbziqu
363359 541 290 wdecfxsgdf
310326 2496 1621 pprhuccagz
231000 1758 579 lrmgjzhfxx
923648 1758 1955 qkjvypjony
606922 1277 174 dielzpzqlw
107665 1462 778 qshwjlslqx
627747 653 1520 swtacvdvst
34878 57 1322 jgvpoxnopo
197366 1857 1604 nekywolzln
395202 74 1249 gbpvynettw
263296 1244 1820 rnstsvgyrj
576495 1843 1561 ezilqopyuj
435097 380 1178 okcwerzaez
495173 106 1431 gfcjrouuwk
54215 1468 162 vinbdinqml
1428196 2650 543 ndkjraonho
1096120 912 1059 drtezrguoq
2275323 852 993 xawitqhdxo
578277 1252 1081 tzkycifwri
258421 2772 1339 xvsikchchl
1144425 2506 1108 bksbmhrfph
1540297 176 1854 ojyqldfgnu
1502380 673 1350 xoufflvvfh
903045 2641 570 blqqqsvbyc
242156 891 1779 ucduakzkai
17541 2601 165 gisxpbqmis
238683 2549 1623 gxpfzmjdnj
35348 4 278 bxdxwvdkba
966395 1326 762 qwpxwqijab
918108 2940 311 nqfvydsarr
96967 2943 337 ubcdklcgde
238527 2391 297 urpsyfsylk
94595 2131 391 aieiurzkzr
309262 980 1903 kzyvzehimy
729506 1079 872 pgdjoabsrq
514733 2372 132 haxumzvkdg
1554539 1373 805 hynacwbnrw
327509 691 796 zpfdawmaek
155195 186 969 fzopgfccrm
234089 1113 1346 pgupnszvqa
388797 1233 1876 ihstefpyvd
1141516 1498 1099 wztzdzyscm
338573 754 1405 vxuxppiegj
200918 723 1462 yvbvfyzhpi
49004 2531 879 zmmwzshzzj
440815 1079 1204 nttxuomawb
328594 2710 927 wknbvlvejc
314221 2890 359 iphilxozus
2436390 2927 938 ctxtbjnptm
538219 2218 819 pjwdlefrqp
2393374 12 441 qcmjwflcui
464825 316 192 soeaamvfpp
233094 278 1215 khrecyejco
163748 1192 4 ipdtnyywcr
135400 2156 1463 vbecdafejg
891108 1441 1802 ydpsrussld
462745 2682 1864 udjvzsexnr
1569063 1210 1228 ofttiocvpq
2130173 112 1823 wvirgmqhij
1075868 2961 652 mhawqwbmfg
634605 1667 742 whrjlzxeqh
29082 1387 1415 rusoflxkea
318896 1165 1632 wtngqncthh
1621154 1642 1259 mlyqindzmh
1669966 69 879 ldhovjcccs
460420 1763 1017 trknkgcgrb
1151367 2186 503 gdachuxtof
123918 1918 1133 qzdzryfmpd
103124 63 1702 kwpennpdqy
303126 1871 1078 saqguqwsdh
160444 1809 1032 jivyibtjwd
123145 2795 1234 jwllmhnikj
602054 873 1018 lshcooihpn
420549 336 1321 cxoeujbqxf
366108 2038 1534 afvmpuxgha
247012 1535 1928 ibasxqpqvi
116257 1638 759 pppsipajhc
141122 31 230 srhgkmgvnp
932420 762 1041 cexmajtslu
1481862 644 1451 fnjsqfdnvo
353861 1957 1479 vdbyorwedr
345520 2264 148 yjygqsdnoq
79690 694 1552 nhybhhgncp
146785 1645 1888 cvjdolqcys
250240 1598 611 yvjkxbbrja
148935 517 380 kdbgpgldmz
234492 225 550 jmzhuzdkll
1056751 2146 1649 hamdbfspie
127326 872 1486 nthdkfwari
2244926 2220 1301 wwdfduzwwt
1165036 700 763 nlojlqpozb
1092231 707 1466 zividvjhai
745963 179 101 xisjpaugjq
115885 2073 480 cengwufzox
408354 1605 201 dcrkcudubs
991596 1988 884 ewlidagxrr
443130 220 653 gbvmbsidgv
187774 1413 1801 psxmnpqzzl
941814 177 1431 zeebdwzapf
1064399 2703 270 lcarifxfcz
313484 1378 827 asjydrrhai
841872 116 601 xvbxrjzvef
323234 2934 1125 trguusyhjm
154141 1856 1325 igiwefodsm
20757 767 1843 rclkkpgrvo
377805 1550 1810 gxplobgfhl
60657 2615 861 zarqosktdk
146715 779 1107 yjwnvpuvde
900554 445 258 pbcjgqdwuo
56446 2067 104 mfdmbmjdtv
104166 47 176 htgkwnivxt
910551 454 556 shdwcehvny
477217 1304 530 scxtnkfzrm
116828 2540 1059 enxwylnkbp
245536 424 889 kttvjvjzxe
19160 639 536 nbbeyngddp
168629 2117 1339 qihmybbcwb
639291 1437 318 zfquorlejt
54340 506 1667 tjcqffenre
249167 2273 373 llizhewiro
814635 2262 661 gddcbnphjb
236390 949 1767 otkfjodirm
1273352 1237 1866 bpulbupdwf
717280 2689 1915 wjisbfpbdy
1212232 607 608 szrisgacsu
237872 650 1711 roxtbgqzdw
971773 2277 1610 uegsueqxst
1008241 107 83 ivpwunxptm
443235 1071 1016 fglefggqhr
211777 1208 67 vlybrvwcyq
951959 958 1146 vhlmfdabje
1608682 2930 949 idjqfyegcf
1022522 2341 802 bcezeagqjt
167900 1632 1562 pigeltabfw
1208956 151 446 dekrewufyw
259375 325 303 nfqgerpjjt
2388821 273 69 zoewdatpuk
64461 568 1933 chmqcyokbo
2026653 2560 71 wxoqclpuzc
368240 603 1742 iorzbsqwdi
2021507 1445 1974 ngndmijjse
2583394 135 141 tpvwppfjhj
785641 1922 289 ydbtiogymu
234971 887 1258 eiujbllcxh
608478 1388 1352 byudwftysn
322188 1806 1596 xiwnxyxgsk
2386528 2636 1457 tpplefryxb
117010 579 1341 jbgmilbsjg
227669 982 1100 zlvdpxyrmz
888101 1826 1377 xftiegcyyp
974727 307 656 jlkxtosxqi
408515 113 1581 bqbticbnll
434728 2521 1314 vlilmbqhyc
1024277 2681 475 fgajmhcrzu
430326 2702 1583 icvnqyapaz
469890 1508 789 midgtcwcbi
14855 1941 191 etfqydqmzh
283493 108 33 hkbijxqtlx
396647 2630 706 nucnwfhiue
137906 204 1613 ekzwwvenoj
947454 2726 1682 ikcjvfuksp
132835 1142 598 dxftehcxvy
160748 241 672 whmocaipon
1003561 2707 673 xlldwgtlnl
942118 1972 907 imqnyuhgyj
349837 2712 1381 byujvgpheh
56321 1237 1976 igwexqujme
334635 2507 1198 ikstbtyzaq
440121 1122 325 hmctwjbuoh
87296 1280 526 dukdbpekay
274490 1507 1885 viyjlprrsw
91457 2807 1171 ectzydruib
202992 874 1665 fquvjfnauq
2586780 2019 1378 agrbkbzlwa
538495 1675 1619 uayswexydd
1296525 535 1985 ypylqkjydd
420991 2750 612 szeoclevru
93921 2038 1776 hqbsfwpujq
1642841 2073 799 ttgqjmivuc
736427 2147 603 bivlpnqlgc
336239 835 1252 vahpbemaby
577737 147 1335 rhdbdxjbhj
167101 619 137 gstfypfraf
1584743 735 226 kxfypdxpre
240423 1187 1275 mnovpvibxm
504884 1665 1748 ovayxktbgn
301410 1132 1400 dnbwocffyy
1909219 2915 476 hxktillshy
10416 1414 937 qrszofwsid
244706 1777 1093 tcwlygsnqb
207428 543 1620 dncnfazkyf
1782305 2011 75 dpydghhnbi
640109 912 773 mtnctlkjmz
128985 2923 1144 hckhoktxvx
200063 1546 567 zuaxibczrk
186031 1041 1040 chvvaommtb
416058 1284 1080 iwbeluawjq
270322 1740 697 ziucohvpli
565621 1147 480 rmnpukbpvo
282133 2984 1386 vwxzlwjyry
59179 1412 146 dkrtwqptvp
2052180 1042 1896 ubzzjxzqdp
844052 1646 1055 qmbtwhmekx
285393 2845 1330 hphmeojtha
543056 714 245 emekfttbrp
75166 343 572 jlkujvfrki
2162492 530 690 qtrezbpmnl
1800980 1017 13 jbikvtrkmp
648511 50 385 vnriuwvspo
192807 2427 1588 ccneubfses
91900 2782 987 izmyamvgvt
114540 428 1717 iobebcltbo
613522 1812 813 zcfbztvsby
1080386 1453 193 vprkhsyske
386807 116 1518 xjkmbrhchl
234463 984 606 hcndekjwtr
350156 1672 286 ewwaoidptn
666805 2113 380 xsnqnudhrr
487371 2621 1838 sflbudtods
1135157 1812 959 bbnoxpmeor
177066 506 1089 oeoxwwdhcv
43656 2325 1259 eniqnrekqp
852514 1330 1766 innifaexjj
1721644 784 1917 slezhfdrob
268910 1975 817 gvyuvggumt
1296338 973 430 joverdxdzt
212495 1202 919 kbcxdaorus
259267 1842 1745 ajwnrzaayp
475361 286 1917 wzobzbynee
995456 2187 1370 lalyqunbyx
509422 22 504 rmmcuppkjp
1123478 1613 588 slagggvysi
497910 1614 1977 gzmrkjzaln
356880 2672 1823 lcwqhgelqp
84728 1727 367 kitcnzqwxk
448095 1820 749 xxzlbvzpxm
216097 2692 1789 lbkgdhltpq
507176 2569 201 qmvwfuqqbt
515965 2639 306 zgnbbsqiuo
1763618 981 1461 dchbpqksso
214331 69 154 lodzmwshyh
562852 2374 990 xkskxemlxl
660796 121 629 mqlvdqjurf
476101 2905 1177 kxonbxsyvi
277630 1544 458 vvlaizksin
1451358 2384 170 xtkrukpqhf
433624 1153 987 wlavxqyydw
1672701 1481 366 jcpyclekov
29290 2254 1994 poaleowckc
565620 199 1633 bzmqnbyqgc
1318671 2324 449 lcxfjxqswd
329507 255 1814 ziplqsroxk
400302 1940 1050 exgbvimcqh
528252 2758 1618 agmnuvtfep
179134 2737 1843 fjdwhcxooi
370153 2309 1431 tqlrybzitk
83378 1880 754 ilrapkjyho
348596 426 149 usyzujarnr
142948 343 1354 mbzfysamzw
1094828 1920 575 jzlicqmodb
248608 984 672 pczjzcdsot
1693081 614 481 gqyqlletdr
21367 184 380 uxkhqudrtz
457783 529 872 ocdctfyiwq
212831 1567 1169 hyelhlfpbe
556312 2452 1555 qqhypecedh
839035 56 642 hixlcnrstt
313367 486 553 txqsmeacka
421662 2279 1526 cgaqswqfee
410842 999 462 rfnfmiqbkg
713417 90 1556 ovgwvnoafp
665688 2097 1295 lsrbfizeei
284248 710 813 fzxvddwmdn
217030 1498 1911 habwlyvbdi
651535 1754 865 grsckwsyug
319572 2466 569 ynqxukveqx
604379 1161 521 bfiruikspw
1484983 171 1707 siyjgxdzhw
319826 770 1517 ldvyiyqymo
2267840 623 496 fdpshtuwkz
2142201 2084 1955 pblorwtmxi
147483 2063 1242 pjklueescq
1087542 2448 1819 oteocxfuuc
1263563 1449 217 xijoaaytwi
492710 688 1381 cvnqmokyyr
218152 2423 1979 ghvqjygjbh
220829 941 1830 cdfrrizkbb
537077 1894 758 ruerzedycr
339650 1213 1928 kqxoyaujxn
1661258 2131 965 nfezyhpwbj
829497 1914 1027 ffnbizccdv
192855 2989 1418 ksoifiyijl
16103 1377 1259 wwkrklhxbe
829677 1669 330 bkusxhnpjd
1165036 139 221 cfroloqyjn
217238 1143 650 bldnxrvzug
1792322 481 1985 ntuurcxlxl
142813 2129 1811 jmvasoscwx
1509801 496 730 xnjfhxgkof
133529 2249 465 iqzzhterpp
199315 693 1848 crhdpiznzk
38922 2773 1275 kllmytawtq
1651395 2902 1814 bghxdmixws
385559 65 1328 whfjhmmhxw
173122 2991 660 yeaczqkoht
2924001 2629 250 yhwraryheb
